679518243543729618821634957794352186358461729216897534485276391962183475137945862
371986524846521379592473861463819752285347916719652438634195287128734695957268143
748391562365248791912675483421786935589413276673529814834962157296157348157834629
298317645764285139153946278327168954981453726645792813539821467872634591416579382
142895637975136824836742519398467152451328796267519348529673481613284975784951263
561492738324786195987315246659831427418279563273564819135928674746153982892647351
318457962572986143946312578639178425157294836284563791425731689761829354893645217
867134952241596783395872614978625431456318279123947865534769128619283547782451396
165293874974851632823764195489175263536942718712638549398517426241386957657429381
728493615349615827651278493186539742932847156574126389815362974267984531493751268
425971368173628594869543172241795836736182945958436721597864213384217659612359487
968425173723861594541793286157684329496132857832957641219546738374218965685379412
984521673361897245752643891175964382429138756638275914593486127216759438847312569
251478936893526741476913528642185397937264815185739462364852179728391654519647283
867319254245786931913542678472963185381425769596871342738294516659138427124657893
925346178786291354341875269562938741174562983839714526498157632217683495653429817
326798451745321896981564372218637549569482713437915628673149285152873964894256137
925831467487962531163574829749618253352497186618325794276189345834756912591243678
987532416254617983316849725578261349643798152192354678439185267821976534765423891
149653278765128349832479561976512834451836792328947156583264917214795683697381425
367289451248651937159743286524816793983574162716932845831467529472395618695128374
623745198974138652518269374267381945391524867845976231782493516136857429459612783
627149583345286971189573642518792364793654218462318759256831497971425836834967125
721893564398465172546217893869572431274138659135649287613954728487326915952781346
813724659526389174497165283745632918961578342238491567174953826689217435352846791
286317945345692718197854362612549873738126459954783126423961587571238694869475231
768145923429738561153296847576321489841579632392684175284913756617852394935467218
956134782417268395283957164824395617135672849769841523372416958698523471541789236
375429168891756342246381597612938754439275816587614923123547689768192435954863271
789256134421893756365714928157968342948321567632475819276539481893142675514687293